NaN,NaN,NaN,NaN,NaN,NaN,NaN,NaN,NaN,NaN,NaN,NaN,NaN,NaN,NaN,NaN,NaN,NaN,NaN,NaN,NaN,NaN,NaN,1.2859279080635,1.89275988322684,2.72831945221029,3.48910046486808,4.42150721068005,4.50713848123727,4.23966469239502,NaN,NaN,NaN,1.69508967116597,1.42608949075647,1.03518058369153,NaN,NaN,0.314927966851099,0.184487963186686,NaN,NaN,NaN,NaN,NaN,NaN,NaN,NaN,NaN,NaN,NaN,NaN,NaN,NaN,NaN,NaN,NaN,NaN
NaN,NaN,NaN,NaN,NaN,NaN,NaN,NaN,NaN,NaN,NaN,NaN,NaN,NaN,NaN,NaN,NaN,NaN,NaN,NaN,NaN,1.21583509308094,1.13651612977467,1.87116060014243,NaN,NaN,NaN,6.37408904384533,6.54998908540788,6.25186050674167,5.90522906280408,4.86279995241984,3.83839973585872,2.81493891235172,2.26819394221549,1.49549120024329,1.16667973882804,0.745106634758342,0.492111783265877,0.311428358374034,NaN,NaN,NaN,NaN,NaN,NaN,NaN,NaN,NaN,NaN,NaN,NaN,NaN,NaN,NaN,NaN,NaN,NaN
NaN,NaN,NaN,NaN,NaN,NaN,NaN,NaN,NaN,NaN,NaN,NaN,NaN,NaN,NaN,NaN,NaN,1.32671919677477,1.48586685700809,1.54526470005435,1.46381886109771,1.76786723679964,1.71875064237208,2.8221269439221,3.847096314538,NaN,NaN,NaN,8.09446636475878,8.04405141036187,8.16472214704848,6.99098617977018,5.777242220639,4.35212042970996,3.39934586318621,2.23778208530481,1.71133174381601,1.16321107919621,NaN,NaN,NaN,NaN,NaN,NaN,NaN,NaN,NaN,NaN,NaN,NaN,NaN,NaN,NaN,NaN,NaN,NaN,NaN,NaN
NaN,NaN,NaN,NaN,NaN,NaN,NaN,NaN,NaN,NaN,NaN,NaN,NaN,NaN,NaN,1.56495148031897,1.88827531638369,1.83477330037879,NaN,2.00777813099325,1.89694810703373,2.38828924174494,NaN,3.56941542903076,4.56308885138181,5.90607454642203,7.15342688735723,8.63507991782191,9.19131514928759,9.00716263519946,9.10327856123207,7.81564179185421,6.6824675271336,5.45838197165497,4.53350663517303,3.1694439984593,2.3897872826384,1.62166408161692,NaN,NaN,NaN,NaN,NaN,NaN,NaN,NaN,NaN,NaN,NaN,NaN,NaN,NaN,NaN,NaN,NaN,NaN,NaN,NaN
NaN,NaN,NaN,NaN,NaN,NaN,NaN,NaN,NaN,NaN,NaN,NaN,NaN,NaN,NaN,2.58601486747353,2.70799445415501,NaN,2.46648039918505,2.50748166095476,2.29057596875602,2.92236436807276,2.96503771191626,3.92356219930659,4.62317218707202,5.66890423405019,6.66564430584689,8.30490062588957,8.96876959333126,8.9570748436653,9.20563209153535,8.2722602795716,7.25864099578787,6.36101294016481,5.5149752599283,3.84237669958171,2.90159861535107,1.95507349967345,1.08838739336319,0.686815169051501,NaN,0.120949081382751,0.0980002215862235,0.0548849170461784,NaN,NaN,NaN,NaN,NaN,NaN,NaN,NaN,NaN,NaN,NaN,NaN,NaN,NaN
NaN,NaN,NaN,NaN,NaN,NaN,NaN,NaN,NaN,NaN,NaN,NaN,NaN,NaN,NaN,3.31550462825244,3.36133736907687,NaN,3.04905409159919,2.78980749391374,2.36554463155749,2.88720768403768,2.85886420905192,3.51842450983843,4.19222067970887,5.08193088307095,5.84317015571476,7.56070742672353,8.04124063670929,8.19556554532503,8.68532467755048,8.23892087309498,7.31468237449228,6.72234809104899,5.99014042000287,4.1127778507237,3.21952444713455,2.24479608983888,1.23360778430471,0.811817336472596,NaN,0.243471211653483,0.281975736847311,0.281769389225611,0.294478955925072,0.322456391186813,NaN,NaN,NaN,NaN,NaN,NaN,NaN,NaN,NaN,NaN,NaN,NaN
NaN,NaN,NaN,NaN,NaN,NaN,NaN,NaN,NaN,NaN,NaN,NaN,NaN,NaN,NaN,NaN,3.68536131366329,3.40945129363954,3.224553909048,2.70340757731178,2.20487053039831,2.59384558314825,2.6311219032703,3.05738508560164,3.6966313869315,4.37828648649163,4.90497907056723,6.27428899075508,6.43386184772127,6.47207546235314,NaN,6.92247014190475,6.35403106768958,6.19872682920419,5.72703425634949,4.14075580951753,3.47149134429562,2.60892034918272,1.50256057477577,1.08043161769756,0.827209845283936,0.483406330060153,0.628835187104444,NaN,0.75239926808026,0.967204641652444,1.05447511811813,NaN,NaN,NaN,NaN,NaN,NaN,NaN,NaN,NaN,NaN,NaN
NaN,NaN,NaN,NaN,NaN,NaN,NaN,NaN,NaN,NaN,NaN,NaN,NaN,NaN,NaN,3.99622374900725,3.57665210526391,3.21403829460723,2.83962004698936,2.26066386460524,1.88976076743261,2.19056491380042,2.39154090290307,2.63586428625756,3.03417217770653,3.25361999758308,3.25842474377453,3.7715409322325,3.85922703470423,4.19634324389588,5.1160636757966,5.4396519652034,NaN,NaN,4.76079148561811,3.60356470181123,3.11957861161921,2.47604664943307,1.53944089963536,1.23957315114186,1.03161455665714,0.731690898816821,0.970478644960913,NaN,1.10345273815167,NaN,1.35661853115657,1.14518308452622,0.792763574185316,NaN,NaN,NaN,NaN,NaN,NaN,NaN,NaN,NaN
NaN,NaN,NaN,NaN,NaN,NaN,NaN,NaN,NaN,NaN,NaN,NaN,4.37006449208572,4.34701460909337,3.98938797301867,3.68605603573349,3.11740310439707,2.66001083320046,2.1920998088756,1.71463808859283,1.42511732450178,1.52613768133124,1.71277822108372,1.84303230898911,2.15928721870858,2.38486642515893,2.44571767205874,2.54665777349031,2.56528049401535,2.83362108304622,3.49344898207999,3.72372052619362,3.65302698711496,3.65028943471088,3.39244323534222,2.83310772088921,2.54410085211304,2.0647488056675,1.43204324516415,1.30608604062781,1.18745476961773,1.0227231610248,1.35513972964817,1.56532170887515,1.63353755676865,NaN,1.9403429443751,1.67771505836421,1.31303271092026,1.08364914839829,NaN,NaN,NaN,NaN,NaN,NaN,NaN,NaN
NaN,NaN,NaN,NaN,NaN,NaN,NaN,6.58941513877766,7.28417984776171,6.98808767807146,6.34746881839533,5.44903885556157,4.5324055567118,4.24144396531617,3.5254066270306,3.16466128351883,2.55002040614895,2.00278535826002,1.52260884514902,1.1654651452957,1.04862245491297,1.22459701797047,1.47663717057118,1.5326045783765,1.61711625911425,1.62353577027043,1.55288324633431,1.42166491794246,1.33184602770721,1.55291873790907,2.03205716262751,2.28400554747134,2.41524377283336,2.4993318936232,2.42246294208703,2.20565749169159,2.01917509186373,1.66755157789792,1.36438272502825,1.41685721796626,1.37215380509985,1.32746657412034,1.74230295420397,2.28406694008127,2.53226286829281,2.85150115688458,2.95191726637549,2.54086601667044,2.06149392751699,1.73312049934821,NaN,NaN,NaN,NaN,NaN,NaN,NaN,NaN
NaN,NaN,NaN,NaN,NaN,NaN,NaN,8.82147154879546,NaN,8.58682024048748,7.54374401604454,6.06192379002403,4.38250902027194,3.84516821558258,2.92009759706422,2.37994985630248,1.62497959285203,1.05404065091725,0.786890891976683,0.723595220717392,0.816469599408425,0.973474011983331,1.1398240736106,1.17977927917988,1.22468983487542,1.26289072639361,1.28380534640844,1.16982383816138,NaN,0.787968749355566,0.737336287408611,0.740286648483484,1.04723376102592,1.38859885842337,1.57175664994795,1.57180838506285,1.47715027387894,1.31840123211856,1.31223825175347,1.47941323802924,1.51366995027985,1.61341320378373,2.00931160850685,2.66985498463831,3.10320295994555,3.59391663324923,3.95009358701036,3.71011567010617,3.41478242396743,3.0958007911682,2.65543534232241,NaN,NaN,NaN,NaN,NaN,NaN,NaN
NaN,NaN,NaN,NaN,NaN,NaN,9.00512177884802,10.7051305709849,11.0058290008778,10.2623012369785,8.99856297492636,6.99221974682456,4.40222775816899,3.46733594489782,2.35805105737089,1.75091896893311,1.18323870941239,0.833067301459435,0.682405582339169,0.612067696613728,0.650693095681497,0.729839386323893,0.832787924397584,0.943068100230253,0.959094266646267,0.919095563069347,0.899114450196023,0.811791197859915,0.585330422947642,0.512726713448346,0.479477646373147,0.429066265980579,0.627173090076969,0.781836532459132,0.862677536943708,0.921640045774685,0.965695027293998,1.04560098407597,1.2508666600324,1.46118961270711,1.628308220058,1.93023166528261,2.37769344853184,3.03038836002671,NaN,4.15286512717132,4.84622935151964,NaN,4.90372998476013,4.31111672102341,3.67189792876406,NaN,NaN,NaN,NaN,NaN,NaN,NaN
NaN,NaN,NaN,NaN,NaN,NaN,10.8263415608365,12.431420023902,12.6230225768736,11.6547865319539,9.92851922991242,7.17481671157285,3.915717433835,2.59758411133346,1.54445996961056,1.15930284643619,0.960496839033534,0.854620847134712,0.777340945886903,0.652087386735417,0.579607207058734,0.559484168609127,0.553457137932671,0.704572120892336,NaN,0.797913288389057,0.792342321693259,NaN,0.519456572880057,0.419941061861308,0.371101224109272,NaN,0.325290789798746,0.341575171823579,NaN,0.55902852637966,0.747950249136454,1.00611386205055,1.35433237194146,1.57490200005486,NaN,2.4070404119955,3.11169554021925,3.8941061636219,4.7247788244309,5.19402090691255,6.02639363542417,6.22376740015619,6.22910891125518,NaN,4.7752266383477,3.83326547239926,2.8507365439276,NaN,NaN,NaN,NaN,NaN
NaN,NaN,NaN,NaN,NaN,NaN,11.4020119647862,12.7929666435742,12.7733971342635,11.4428199588689,9.23456666658046,6.2755955634732,3.47499591459512,2.22133069693037,1.38891565515816,1.06284142868654,0.928038069362198,0.859974889559819,0.796128418091194,0.641776745113924,0.508508934846603,0.460961154268572,0.428758788027729,0.55809443794469,0.594168247037029,0.571590009935822,0.58843018882706,0.541356346055567,0.427323917393498,0.316575542636794,NaN,0.16922654202127,0.221250663044849,0.230874400850836,0.268387983793821,0.527311004217529,0.733937954265961,0.96593430586203,1.35963743641705,1.63302655096907,2.07868566175293,2.76604682001487,3.65077695861947,NaN,5.90920432099509,6.56282326958591,7.68224913018416,7.96986655108556,8.05463478001105,NaN,NaN,NaN,3.77207295425545,NaN,NaN,NaN,NaN,NaN
NaN,NaN,NaN,NaN,NaN,8.54991955947902,10.5962620979899,11.5244689908772,11.2616330208531,9.71649740508867,7.23852537224771,4.68184182210222,2.74126925065504,1.65879446419905,1.13256371003681,0.923837176255596,0.831485229884863,0.730724120537843,0.641564432473492,0.508580827133904,0.415741676858078,0.403238024160617,0.371317142657772,0.450075843357964,0.491889545217834,0.511564760593344,0.569053903841767,NaN,0.404427799020113,0.300092983303464,NaN,0.226135587012646,NaN,NaN,0.222547387189341,0.464106391716529,0.620732238339171,0.779659359011274,1.18552847295665,1.58616308749916,2.10533014072479,2.81725112976547,3.63630164951389,4.68567465891894,6.13313258650429,6.98236093814063,8.31544700561243,8.7183939998792,8.98825608531071,NaN,7.77014559324644,6.03990672302807,4.234900412114,3.28686788085778,NaN,NaN,NaN,NaN
NaN,NaN,NaN,5.21155003602777,6.42624035777864,8.26011716105338,9.93503188665808,10.2516006005396,9.66010290592891,8.14121705553286,5.66666020494067,3.65583207652814,2.33503562168565,1.33786363601881,0.966743323032641,0.818952256231457,0.748549225556507,0.669417369183017,0.636874325928027,0.596065521774348,0.527262976547961,0.518200313106804,0.480120531320595,0.489452059473776,0.474182631061508,0.444919469048378,0.461321264626583,0.365658038120691,0.322962498764695,0.24493925951513,0.227088690219991,0.169167721817274,NaN,NaN,0.131610770902928,0.312846282320595,0.438606340936844,0.578648290963881,0.935804899727259,1.46902114025661,1.99193318896404,2.8299098821001,3.68466972656515,4.81956226216695,6.35842400975585,7.52307616536144,9.22854107554057,9.73734113177712,10.0372338946603,9.90242990568176,9.21610433946492,NaN,5.12728986722557,3.6266359018173,NaN,NaN,NaN,NaN
NaN,NaN,NaN,5.78689598040547,6.72299444353227,8.07653347311194,9.06250182766969,8.68979773140579,7.83961939339249,6.61328556471475,4.48272174572887,2.89869166830977,1.90770099703298,0.971092906657613,0.668491297435095,0.608428308349731,0.588505074966806,0.534555854019905,0.510139551204456,0.517718113088354,0.491339221985316,0.522871319954364,0.539957206342549,0.57028576086016,0.543201029210253,0.492647114324289,0.454728881614,0.342199619597323,0.281924757841604,NaN,0.216880399013417,0.179762176620926,0.141857929704079,0.12263900179876,0.138561041053353,0.20289200609935,0.286457893564649,0.403045680680702,0.662841541668484,1.20290551404677,1.64918240226094,2.59036823433562,3.53226562977628,4.67966156618375,6.25069365788108,7.63315199140501,9.80092853612623,10.5807365213036,10.96924365387,10.6924854045685,10.0480476558554,NaN,NaN,4.03161542468694,1.84918094669068,NaN,NaN,NaN
NaN,NaN,5.24936778947083,6.06334560434067,6.74923442515895,7.14505740312249,7.31589573473716,6.39189210842177,5.28636708020718,4.33460316154238,2.91211155746042,2.00346539662035,1.49127627370212,0.828960494115016,0.512438012634483,0.43832251157596,0.414831910228517,0.366276899534979,0.351493746880515,0.406872494492174,NaN,NaN,NaN,0.605491072906542,0.544391208720925,0.481000047669327,0.411727674907469,0.346568835962898,0.274969168208128,0.255073970012249,0.232842877248999,NaN,0.176417175563427,0.157028671780098,0.156308583262167,0.10039743484608,0.137266329874143,0.21704256025083,0.36438309277614,0.755746111409909,1.13549247032339,2.06363009320525,3.03316413662042,4.09925579239251,5.72169867933665,7.21357561757038,9.77503823471413,11.2542547633095,11.9671353889325,11.9209428041277,11.1897158436065,NaN,NaN,4.48097248857444,2.12657754867463,NaN,NaN,NaN
NaN,NaN,5.26984018828978,5.88441442346689,6.319847123156,5.9086109155919,5.80304795131612,NaN,4.26307231964318,3.45478311743332,2.34643693396152,1.65434034433172,1.24064707425299,0.736020418506483,0.425428796056434,0.352131323413019,0.359124395898748,0.332532429544084,0.306428783315677,0.352482851508289,0.416143622090702,NaN,NaN,NaN,0.548858117299298,0.493499086334556,0.425654408388358,0.381232850580331,0.273766096428196,0.254460438755496,0.224638564274417,0.205890933130171,0.167679434213464,0.136357853865101,0.132173035437361,0.0494009187858468,0.0612145232540702,0.0875071376240899,0.151187550856672,0.380917866768,0.708748210813014,1.48144709073227,2.4645990388866,3.66279294880154,5.49484712092796,6.93603670927229,9.26136455191371,11.3605219974064,12.216177483629,12.4554834084083,11.664069464104,NaN,NaN,4.99712346302235,NaN,NaN,NaN,NaN
NaN,4.00833332810614,5.00803867564656,5.51241622310958,5.80475553836174,5.10554811823297,4.85593550591696,4.28247180432451,3.68997117202864,2.83815825242326,1.90299013701694,1.31644596629417,0.907441876346972,0.512498276042198,0.28788986942502,0.237898931179679,0.274731102591253,0.289964612163386,0.275248539704821,0.333264219006634,0.436293431575442,NaN,0.624855651886932,0.71222579892173,0.671339230281662,0.680244791323189,0.639552948506485,0.574488976283584,0.442077872152244,0.397450223822742,NaN,0.265248449204546,0.192105291759692,NaN,0.140313887233224,0.10161094226531,0.106389101770143,0.103554824277556,0.153758092553799,0.276429384239348,0.557453956891357,1.19000383401791,NaN,3.38791299998063,5.26200576636755,6.63521266244205,8.40181106478501,10.7696490611605,11.6795603108771,12.2745851181598,11.5882429580049,9.56913749635562,6.6913472762062,4.76565752388542,NaN,NaN,NaN,NaN
NaN,3.19643789799245,3.89749879169624,4.29523978203436,4.63071543627934,4.13500418720362,3.7833940283381,3.29883366495271,2.91979914440277,2.20826271567334,NaN,1.23846046637799,0.838611233589303,0.51957392852398,0.363333543904703,0.288103564248729,0.258770316021588,0.275727823977888,0.307169439603075,0.468175281025314,0.63854681086128,0.648063233123377,0.677357171344566,0.790873354462223,0.921475324127583,1.08027716064957,1.09025396077346,0.987864435745388,0.752826395292133,0.559888308029761,NaN,NaN,0.210491414964386,0.123442754223897,0.129279827764266,0.112900020812276,0.103211583858191,0.072741147053579,0.121754513067438,0.185104659776592,0.480742065445346,1.04095564423662,1.8825511451674,2.90320462128152,4.55952312923262,6.0434144177172,7.52459641952749,9.96357755791652,10.9241963950416,11.5824581965028,10.953784383746,9.14046954518941,6.45774264964644,4.40796519939807,NaN,NaN,NaN,NaN
1.5200981279285,2.19089130936665,2.51582838889623,2.7614343792909,3.16463792651129,3.02095827909199,2.68674505792793,2.21307915160793,1.9223928608995,1.37595020244378,1.04897635489409,0.869492508286884,0.598454256783279,0.448398126499694,0.382759358860046,0.334240497736065,0.34041905441488,0.50504587875475,0.615972690950482,0.834307354989176,1.02008590469635,0.99724502964654,NaN,NaN,1.27723621036806,1.57633989387309,1.68406949941204,1.59154315034165,1.27624283099853,0.92621748312753,0.596260509696166,0.394347247858003,0.290132179978121,0.145494970491494,0.151332044031863,0.133232512251712,0.123544075297627,0.0930736384930154,0.153404095263311,0.17697834995228,0.485115099641534,0.970704207649858,1.76735187076038,2.4423436005426,3.60998286620957,4.99210412088368,6.3138752242311,8.58189494985045,9.55211753477005,10.1008073205826,9.44520536457389,7.92834919897303,5.58444139613492,3.48748717720151,2.11920528768547,0.512788879479277,0.25404893066263,NaN
1.30174938829665,1.707795089969,1.78840693485522,1.84809834208662,2.1166018854224,2.10041289822245,1.85980681807844,1.47200019278818,1.33196864777872,0.998061043314395,0.818914791024856,0.715112892891204,0.579548671711904,0.597925818818804,0.75946508952543,0.907704636448831,0.915103503709964,NaN,1.04882878824246,1.30626214284956,NaN,1.7537621076467,NaN,NaN,NaN,2.26230577779699,2.46902955368939,2.5175784575613,2.27164633840131,1.72763213259875,1.06431576047137,0.555474138573802,0.358961774447303,0.150445935601532,NaN,0.144705660068587,0.135017223114502,0.10454678630989,NaN,0.193708329005867,0.530598602416692,0.948745196364141,1.73700397152135,2.24992760188905,3.10263296808706,4.18871126150459,5.16549108638116,NaN,7.64164111875884,8.12402980008286,7.64523398487752,6.583053054052,4.7077715576265,2.84039877440634,1.63322625930694,NaN,NaN,NaN
0.342888560247281,0.57666304184887,0.860880943465701,1.14784516379045,1.39879114538705,1.37142774469566,1.14177281806748,0.848551131637434,0.837307880194644,0.627123854183656,0.541783765625474,0.5454997321668,0.618081696738053,0.688263047190243,0.91078164445352,1.09404191707504,1.12878988763678,NaN,1.47976156691318,1.72126916603292,1.98988326182983,2.37788421075321,2.6221542452706,3.00011129436252,3.31751349956748,3.59474870251003,3.71860137293306,3.72715285120701,3.59309866272057,3.0456552790497,2.09787218298404,1.12906649139207,NaN,NaN,NaN,0.135396808034934,0.125708371080849,0.0952379342762376,NaN,0.20413863647924,0.488477082136915,0.752201986035065,1.32450619399373,1.66128529708361,2.27254341161506,NaN,3.75476845062181,NaN,5.38703550912347,5.73934408150651,5.30498271121909,4.57509145436098,3.328480477329,1.97022038799471,1.11286743552557,NaN,NaN,NaN
0.256343154233256,0.370626745989834,0.497523364490661,0.61558346081699,0.726607634559662,0.739167376446862,0.645474749783407,0.487691546372382,0.509095947003917,0.374750988687129,0.358345159204817,0.43138339581737,0.747594228888771,0.828290352888364,1.09133835855496,1.3009638888379,1.38139446174154,NaN,2.01208854565591,2.29856769417488,2.41231878613291,2.89005860065119,3.37783698962963,4.13753517719065,4.8397419634949,5.29665983742959,5.23034029951303,4.92091638506823,4.55777295018761,3.80679542691572,2.60615630082639,1.47687028925645,0.843946429689206,NaN,NaN,0.110124150369887,0.100435713415802,0.0699652766111904,0.155227664254631,0.178397136028566,0.387942242100721,0.587941408926154,0.996391827373504,1.26159132804986,1.63717348014566,2.3387475532762,2.63792891788807,NaN,3.77320514956236,4.19271137691277,3.94911441049672,3.38677874207947,2.49220942663682,1.35089172033599,NaN,NaN,NaN,NaN
0.172210767156414,0.24815982234858,0.302347930819186,0.305625570942694,0.278468455861651,0.242775623849143,0.205068804827525,0.174482867562735,NaN,0.20757453092955,0.23861415185601,NaN,0.837010269175813,0.923366005053035,1.20498516920591,NaN,NaN,2.03609394922931,2.3874197138236,2.80488872980101,2.87375888525702,3.74445807781055,NaN,NaN,7.75809380600329,NaN,7.48836246412875,6.41720734936615,5.64053385451168,4.64171778350652,3.25304787067746,2.03108602130361,1.34774033161815,0.402426120563981,0.0702140133879581,0.0675277652582368,0.0651080648599717,0.0452055910546581,0.0928401530794466,0.130373234855287,0.263463573618549,0.407250850448491,0.679073490262021,0.897835178751913,NaN,1.63836639212029,1.81424325415073,NaN,2.59194997196582,2.93300472088481,2.75939353995889,2.34485257306826,1.80675437904171,0.947470020344994,0.517768226895363,NaN,NaN,NaN
0.114324591276095,0.186000689711029,0.233675871159148,0.236544532682804,NaN,NaN,0.152123971692416,0.13565364901192,NaN,0.128323768859936,0.170731804604167,0.255670985894692,0.754834686147017,0.830308466723589,1.07029976835341,1.32304187362689,1.44948522997207,1.80748056124083,NaN,2.92179416895316,3.30714368316024,4.75214731137229,6.18053224011882,7.8826361367439,9.07756376447952,9.71784145964001,9.2682096692611,8.20680996221417,7.23081009684865,5.50772123844633,3.82745982301416,2.48165847274049,1.82231805555117,0.753060290285207,0.165406228772839,0.127590446359148,0.101833257353209,0.0584904188379037,0.0550314006879149,0.125692679560782,0.223209941958131,0.340743511461899,0.492260110968889,0.582751772292873,0.600806549576411,0.899119229760453,1.12125196184054,1.33635328608122,1.59684812716831,1.77175253247253,1.67646200108567,1.44179290050056,1.16214849688303,0.628324870484188,0.305709958991654,NaN,NaN,NaN
0.0671046442977848,0.0981099847295709,0.0980349154738128,0.0973761089355672,NaN,NaN,NaN,0.15550454308422,0.148322929475339,0.137576935354599,0.167594720942877,0.246910580622394,0.544073870462136,0.610988746395551,0.814493990024018,1.1270562419712,1.26909358194493,NaN,NaN,2.7192433842728,3.85946101854309,NaN,NaN,10.7276018878869,12.1649238527073,12.4147819859372,11.4717729354195,9.79155589596691,8.20093057212959,5.54766775189507,3.88714473880737,2.49328924091613,1.76992131907437,NaN,NaN,NaN,NaN,NaN,NaN,0.154238639453711,0.224169764661802,0.319480166479458,0.383089599005808,0.388688573367972,0.337559879560332,0.47239128485533,0.680376162522153,0.870104844717423,1.13806635462451,1.27245083106678,1.20739186075424,1.03425670886595,0.86931376884033,0.558208658200311,0.289339490309652,0.119147315970344,NaN,NaN
NaN,0.0208560449130736,0.0233689314600027,0.0715953887294091,NaN,NaN,NaN,0.204979543925446,0.167085910181509,0.119861561838315,0.0854240360218307,0.100160705630342,0.220320348948947,0.345139857294426,0.575257458177783,0.964693007886521,NaN,NaN,NaN,2.53145117568539,4.43003836715526,NaN,NaN,12.3882254267822,NaN,13.5390500518819,12.2358861458556,10.5236379643476,8.6570198155882,5.63923684722035,4.06861085974029,2.61750932170576,1.60093939578059,0.826773288665259,NaN,NaN,NaN,NaN,0.0494203666719677,0.157842104038332,0.161107214331825,0.215994640383821,0.273105922940959,0.342987509905679,0.313801123452865,0.370837447903352,0.5282794332657,0.716237672902507,0.979931523202043,1.04772094210489,0.910616016309075,0.650740842847943,0.518876170632478,0.380292443348685,0.248767137869393,0.121964761001908,NaN,NaN
NaN,NaN,0.00706247410231018,0.0868096000103748,0.117516378439629,NaN,NaN,0.252829800281684,0.240690658405365,0.220270986926931,0.181283873555066,0.140797644463966,0.163358435004705,NaN,0.504044854516753,0.88182931869815,NaN,1.21838959831176,1.56727895784922,2.53221070710291,5.18884387033154,8.65176957957867,NaN,13.5342075014509,15.1528337157904,14.7019290357205,12.8766453659899,10.8615895605312,8.23469947437334,5.50096091415295,3.96764081844406,2.7032146529186,1.4840950521113,0.737260277584297,0.393932568805981,0.238483515873701,0.194268773758349,NaN,0.0641768579923075,0.142049782593893,0.129931686811337,0.192462148022136,0.258871341812072,0.369083092110763,0.353870118173061,0.392442342728581,NaN,0.478895387547313,0.58315866756838,0.645473066383117,0.630465936474824,0.45526885462845,0.370563568715874,0.266050115978202,0.202951470034539,0.126234150618063,NaN,NaN
NaN,NaN,NaN,0.122349010303079,0.150009189814118,NaN,0.272975587891727,0.286273912621439,NaN,0.259028112611953,0.220323240826804,0.158380400450315,0.140495509368639,NaN,0.198982453842645,0.342260088296032,0.554701242787004,0.95626362377096,1.63136790656409,2.62474479763088,5.6511450245295,8.35481829823367,11.1951018885931,13.5670839721137,15.1687309038916,14.5742726003015,12.2313327852982,10.0677869866247,6.91955399547753,4.97493725721443,3.46664223858443,2.55155338461317,1.4565397295313,0.642436447444629,0.410905284402266,0.232727268395568,0.195346674374578,0.0706553993242109,0.0652547586085366,0.115655363224956,0.102285592422115,0.162678675852927,0.225402362615833,0.329502190476081,0.344616039476614,0.437687088731872,0.50434913899973,0.550126079928116,0.580891244753402,0.576533113102653,0.52852406202761,0.39486624290097,0.333969000625418,0.217444807031113,0.176906281829091,0.127535663755589,0.0941861259086712,NaN
NaN,NaN,NaN,0.246462815535238,0.295323509371524,0.324165503345835,0.33834639522922,0.301193808752598,0.276810084242142,0.265171192083671,0.224802588697626,NaN,0.1418383877059,0.172081959808711,0.161992523513133,0.262963399877109,0.466751910640448,0.936146896670122,1.71811370450418,2.77483431069357,5.64882282278876,7.60068708531118,10.4307446427767,12.5907298923209,13.8984803671138,13.3326283712285,10.9611162402221,8.83220483190126,5.60929982897653,4.05520645443588,2.43914537481685,1.9078677004768,NaN,0.54288155157832,0.413616504163304,0.24363639313383,0.228557638628809,0.133076587177406,0.101096885946931,0.128442101464642,0.14785051984507,0.238564291383824,0.301287978146731,0.336432048093373,0.372202852711821,0.501381725780893,0.667513512593298,0.822564707811058,0.827371412759322,0.686462548453784,0.516190447373684,0.385502609302055,0.296873918573435,0.187458455534413,0.150846315561968,0.111132841248743,0.0848934391062575,NaN
NaN,NaN,NaN,0.295479891550247,0.401572789536796,0.480630263860615,0.521615832608759,0.421105974580964,NaN,0.282246214836284,0.227917130633967,NaN,NaN,0.176025723807404,0.143834185535621,NaN,0.399505054232072,0.869734803438144,1.61731480450623,NaN,5.11778807133537,6.76309434073961,NaN,11.2992367468308,12.0392115898449,11.1751800938034,8.93305999736678,6.99582650763169,NaN,3.48201054205745,1.90772030513279,1.48976674123644,1.09759719139671,NaN,0.392651082927289,0.211415689702135,0.186409757953134,NaN,0.120136767332791,0.14582809553363,0.183370159550883,0.264899158671626,0.295170816261377,0.293269288963183,0.450848067043463,0.584997500392285,0.744414845633997,0.88841173584066,0.853671208730775,0.64291595187938,0.439219462595937,0.339132911321437,0.193549418721613,0.14174054705781,NaN,0.0804060340267071,0.0573066846063092,0.0132875955371161
NaN,NaN,NaN,0.487829431755972,0.702309135332553,0.877741760339007,0.966525878288865,0.797997756010709,0.557976622114709,0.354141304669514,0.238728736298817,0.172600132350878,0.142877977102063,0.126006055834284,0.0670098406977406,NaN,0.297169750322082,0.733878187216981,1.32816898087569,2.35646451053862,4.01193097811982,5.32442146944102,7.35277468287664,8.33418671819258,8.56533834698622,7.7592838055914,6.34946009225062,5.08553878801405,3.63851045114777,NaN,1.35177732832204,1.00938027546596,0.74602985429218,0.450840943420829,NaN,0.304158718641685,0.271930523923176,0.220742367924382,0.228238368425625,0.230770271319792,0.246458261260862,0.32740422091275,0.38269247092195,0.441253402684902,0.821121506375223,0.9493573487802,1.04608759849471,1.15737725869836,1.07539611688256,0.787029648845318,0.548077174618934,0.421393022056936,0.103090459918992,0.0759104325552628,0.0534479818944753,0.0345799063585099,0.0251015989514661,0.00779411021793671
NaN,NaN,NaN,0.669562293019158,0.902452449750371,1.11110316081961,1.23375845378271,1.10333028487009,0.831725262677004,0.52543041177323,0.334034787872465,0.204408603951496,0.144663647954452,0.104322687537167,0.0558514979392281,0.14780459222099,0.241285588121667,0.683664216239286,NaN,1.91091145838922,3.11003055543003,4.40369673372955,6.06225699052818,6.89797265298641,7.17686236347536,6.2432777821873,NaN,NaN,2.4931360179538,1.86917062297153,1.06121228881607,0.82201952105631,0.527395360630846,0.388413528239522,0.375569426086608,0.342020867752,0.308492945929227,0.264248723212211,0.328954516037419,0.339398730208975,0.365549846176246,0.54449560583601,0.697046880519415,0.881278154719108,1.45874823761627,1.59592692208693,1.5842575807337,NaN,1.42330557174004,1.01772803016597,0.731594835255513,0.54519715836177,0.0912357203157171,0.0708703793627255,0.0414773042745346,NaN,NaN,NaN
NaN,NaN,NaN,0.98499058581872,1.31615567224065,1.58009689920509,1.69715883705895,1.55677822849756,1.21786019700049,0.765577162114647,0.468346890680234,0.199566673486169,0.114232541649391,0.0725270806956884,0.0388539559474251,0.0987895936569692,0.14424245477552,0.597216356675327,0.91087491319792,1.57998941399358,2.3315535904605,3.23229339392126,4.0930865446491,4.38086293936748,4.53956544526411,3.89248196849766,3.205868299324,2.36906367495715,1.80756130659105,NaN,0.859481164526227,0.702949575681453,0.487941798267137,0.446266651913011,0.45288376105906,0.441738854939403,0.402478011448349,0.353361409808088,0.452901599687049,0.476813123502589,0.465474518389976,NaN,0.923097454344213,1.23391270071441,1.88283409814861,2.10957912732541,2.12570791372867,2.11957520900262,1.93007047111451,1.41644248485261,1.07216510259126,0.713175218043804,0.179616486275828,0.0981180116983318,0.0339606678906448,NaN,NaN,NaN
NaN,NaN,NaN,NaN,NaN,2.21053559285996,2.26224020069837,2.11607224093552,1.72982719115853,1.1410293159557,0.763762520221995,0.2861862963205,0.126985970885647,0.0852605688177598,0.060965979819624,0.0655897310065125,0.0877906332843519,0.451480530717539,0.710202421679273,1.25131535969562,1.74002129091656,2.3891429418732,NaN,3.027240545036,3.24012236531394,2.93135662799317,2.4755455825656,NaN,1.1875945194946,NaN,NaN,0.513820848122736,0.475781170246208,NaN,NaN,NaN,0.455361021262062,0.403490077901251,0.464153325359142,0.519417790869364,0.545880014699879,1.03346112407054,1.3854051866676,1.95357050531784,NaN,2.96238015653146,3.02576210624774,2.8993370262773,2.60462239059916,1.87844187177167,1.39868908097645,0.848972032376065,0.387107277412027,0.230687026983235,0.0702040210556298,NaN,NaN,NaN
NaN,NaN,NaN,NaN,NaN,2.68522355497378,2.70093569680534,2.49205107506217,1.98130111108451,1.28747005643417,0.951233397765029,0.423214857971238,0.18690026861888,0.127184799852948,0.0901020321881341,0.0369167538327155,0.043460299784744,NaN,0.516965531194766,0.926142800098214,1.23777591264077,1.60683442840561,1.86334646392991,1.93018938719631,2.01561499086945,1.76010408541247,1.35773515049214,NaN,0.792003738038522,0.537757978806146,0.445721681353249,0.465020873427776,0.512623517019641,NaN,NaN,NaN,0.500356534406947,0.452546486779293,0.453516300543616,0.560066662126978,NaN,1.48671446423356,2.18207814555336,3.09596797885339,3.91170335608661,4.47507254167819,4.63163167270248,4.20886459658308,3.61597110499037,2.73834398267849,2.25989786391249,1.64540342885869,1.10431713284762,0.64068106645773,NaN,NaN,NaN,NaN
NaN,NaN,NaN,NaN,NaN,2.97568781352672,3.04923417664816,2.8615480096576,2.2510110756988,NaN,1.11349558041934,0.555745746963162,0.213899352953,0.128490790943666,0.097145933812252,0.0363432711566074,0.0384953937733816,NaN,NaN,NaN,0.812207665326096,1.044788648645,1.23337806396589,1.29415579541218,1.33814210729945,1.23368636593594,0.934054552206073,NaN,NaN,NaN,0.418000283852077,0.468419000338519,0.533312014917655,0.557024128492991,0.582388081715415,0.504377126944202,0.50235699962522,0.457070299756819,0.420984870591964,0.551936046792964,0.881903271367795,NaN,2.67724934896683,3.84176816595614,4.9158880804036,5.85207496399329,6.42462590840718,6.23910595877945,5.82053956404462,4.92901756575121,3.85739340322926,2.60773957563798,1.68040585127113,0.979483882364008,0.367543861770312,0.195918765969919,NaN,NaN
NaN,NaN,NaN,NaN,2.70407003713642,3.29093612176,3.56740722960042,3.42010596813935,2.62824301810458,1.6963653569583,1.22514942799606,0.65700302846184,0.280875024787492,0.149256743798913,0.103789867775525,0.0537924658888456,0.0388714395556828,0.0628250437093087,NaN,NaN,0.514385186436374,NaN,0.850153214991835,0.889289583929314,0.887138523062682,0.791578466268082,0.509016000920908,0.361558740283422,NaN,NaN,NaN,NaN,0.430998465053554,0.443765730936839,0.449148927071625,0.384520970291495,0.375331765571426,0.359422894360666,0.360839148641375,0.549371421308967,1.00663532382618,1.86360946515043,3.32071835457523,4.97298338279957,6.66543464124749,8.0543866119822,8.74451398898803,8.39728771204757,7.82049433276915,6.82758623135686,5.24471766018983,3.61357718710145,2.36369801847211,1.42988819550054,0.636486076579908,0.319288219190073,NaN,NaN
NaN,NaN,NaN,NaN,2.69700426309788,3.39192691560126,3.85527519070618,3.75918018839199,2.86801411059798,1.84806180493212,1.26829411798244,0.665564216349606,0.330360819629475,0.180554212994858,0.109038295226769,0.0724934049759747,0.0518414436534695,0.0548543265826859,0.0850459078013134,0.126880767934193,0.205987739328263,NaN,0.484599825249822,0.52975805480476,0.509471257583418,0.473287203715964,NaN,0.265423272038525,NaN,NaN,NaN,NaN,0.335503090516281,NaN,0.358746374272678,0.32855228540964,0.308641209943667,0.27824081949128,0.305463758536837,0.572075510243508,1.09254014835133,2.0926325440874,4.05969043427618,6.21263984517449,8.6685762398954,10.7578257030041,11.6977995756206,10.9828252196943,9.88840215542566,8.40579138577069,6.26912294832833,4.46131257623354,3.02340528917112,1.88047060358977,0.864351967549289,NaN,NaN,NaN
NaN,NaN,NaN,NaN,2.38042737166617,2.96372603879634,3.42873567300484,3.41464630303009,2.76865465525391,1.96328116845914,1.36119148818868,0.679957185660284,0.366802795050409,0.227882394465294,0.11638487579896,0.074108367381729,0.0490159764268758,0.0500678302373934,0.0637197108039157,0.0980159118991002,0.189898723106512,0.347420189510832,0.399063918690975,0.433093548016208,0.415809664602552,0.37658180733813,0.28518515933556,0.222314030047856,NaN,NaN,NaN,NaN,NaN,NaN,0.353500026906543,0.260924305029191,NaN,0.169250473692506,0.230310287356407,0.528935179325691,1.06288770684472,2.38694758870456,4.83676984159469,7.3925568870021,10.2928638595112,12.7347843632852,13.9884521567261,13.1869937598931,11.8447151912305,9.84642450763835,7.21301265720731,5.19389516315118,3.51908655552585,2.13683321501737,NaN,NaN,NaN,NaN
NaN,NaN,NaN,NaN,NaN,2.88069426688386,3.45038090675259,3.64520317234271,3.28822720181204,2.56547226690924,1.74465245860695,0.754412327759381,0.373857580958487,0.23122626815231,0.0961083820829554,0.0517287878259272,0.0323673318604164,0.033419185670934,0.0389705480726088,0.0519405521703956,0.131733746129784,0.217003269641414,0.267124396445955,0.351412807457308,NaN,0.37886840593214,0.29925091656309,0.22470856067625,0.175773604928883,0.194601833658339,0.298386244874012,0.431917175393907,0.472068391754132,0.400617700799605,0.329717680224363,0.257326974707541,0.17240889989795,0.149716544601332,0.210239687573326,0.435964019990723,0.983797548602212,2.67678679391198,5.53014984393833,8.25953322023501,11.1392860877344,13.3457568289974,14.538803531299,13.7287929170926,12.3913545334645,10.1918611629843,7.32323403346952,5.2044621572619,NaN,NaN,NaN,NaN,NaN,NaN
NaN,NaN,NaN,NaN,NaN,2.64789290477839,3.21378838265437,3.43938448153631,3.18148953754855,2.59028438512456,1.86528100617676,0.831610029546905,0.460073040550452,0.252028402845904,0.103575027072769,NaN,0.0286442136486376,0.0301422280086458,0.0382112569709385,0.0531651187854016,0.148835569138891,0.209615733297045,0.270544574011983,0.349296224164583,0.397894743591546,0.372653261067406,NaN,0.277674893390915,0.318732558141908,0.318446394516241,0.389292784085324,0.504429472462282,0.516273597996385,0.416805521269793,0.330779378538425,NaN,0.120027054021268,0.139786387916277,0.184800786552294,0.3408993734033,0.990936916934317,2.79104783288228,5.72337328850623,8.42468940540894,11.2128411655126,13.1451403998608,14.0490748352619,13.1209821156147,11.4949881983345,9.13968968592838,6.21777725282874,4.18145167238971,2.47897908413554,NaN,NaN,NaN,NaN,NaN
NaN,NaN,NaN,NaN,NaN,NaN,2.92969301763495,3.29748138836455,NaN,2.55412544580895,1.88841044505663,0.98214475809646,0.567203732567902,0.195410295692027,0.0839859315411514,0.052501831558125,0.0558531485333237,0.0753917228334941,0.0951064107092066,0.105446539030394,0.160085675473201,0.186417897255847,0.25367211417722,0.352870900754901,0.454099604837101,0.494558656302235,0.506113819795922,0.465314940818011,0.552614144291216,0.481940278759514,0.529912890923783,0.64910491701442,NaN,0.529558028199007,0.416646066947753,0.343163591268752,0.0993586749507162,0.147141176065224,0.207248984785636,0.379569412598999,1.20002120107139,2.74338205790842,5.25837856916813,7.68162512013843,10.1369856890973,11.6656336345328,12.1559934126492,11.205309351668,9.4273403643459,NaN,NaN,NaN,1.50645317394547,NaN,NaN,NaN,NaN,NaN
NaN,NaN,NaN,NaN,NaN,NaN,NaN,3.03535072232254,2.941575136273,2.43420491241325,1.82660369355496,1.16034135626263,0.642957845760475,0.134820596070904,0.0830574108855971,0.0779800590852763,0.0854461020840792,0.0918721231435847,0.116174220519408,0.146380179804885,0.181698145774488,0.191899633623791,0.229151798877698,0.305651597560528,0.393710179020903,0.431028122302375,0.476089131877012,0.463161462213794,0.604739680147311,0.540677866107872,0.588650478272142,0.68024874482461,0.65170878078092,0.53494736414158,0.414425544962357,0.339903543595122,0.093778509988539,0.152056012281132,0.242975389047337,0.439677768818999,1.27131944613094,2.25203609215617,3.89513987823699,5.8465056207427,7.81995653307681,9.0020200553306,9.26108811735161,8.49699421900275,6.88130715103659,NaN,NaN,NaN,NaN,NaN,NaN,NaN,NaN,NaN
NaN,NaN,NaN,NaN,NaN,NaN,NaN,NaN,2.64065293577154,2.19691088660265,1.64838738942299,1.20366117626182,0.602678021070505,0.131670717124498,0.117431458993632,0.13645949426096,NaN,0.163676282695373,0.237889414516903,0.367637354779545,0.480324802668703,0.484798736070726,0.441602014617099,NaN,0.655216048242503,0.721750776135723,0.804783170212657,0.78216017061378,0.808338915950765,0.676800140178091,0.682697098329027,0.685281256623849,0.593565436270705,0.441841403714307,0.311845264983159,0.251650414865801,0.082860684771441,0.129315282050362,0.220234658816567,0.408382354118425,1.08079670495679,1.66035107774445,2.67090149027401,4.21447811098163,5.70380663417854,6.53495518725514,6.41723275245444,5.39685526969182,3.72740248028734,NaN,NaN,NaN,NaN,NaN,NaN,NaN,NaN,NaN
NaN,NaN,NaN,NaN,NaN,NaN,NaN,NaN,2.0509891266064,NaN,NaN,NaN,0.39369312006417,0.120272977423283,0.122566490912586,0.163351459942059,0.1883645709485,0.271747858448134,0.364298838277634,0.498868664206609,0.623105602007166,0.629193754984399,NaN,0.775214292068232,0.915186475666851,0.93905467644532,1.05251536012346,1.02313043087553,0.92625673040993,0.755430394859376,0.725226267815294,0.63523607593977,0.520400702984615,0.368676670428216,0.235867599079251,0.185753293948752,0.0612007604525853,0.0835267485466739,0.149703348191118,0.283052158338293,0.681209271689694,1.00856086117502,1.60324862479824,2.59362192809856,3.4427900099108,3.90267962686892,NaN,2.91437805199271,1.6797605270434,0.880043181507286,NaN,NaN,NaN,NaN,NaN,NaN,NaN,NaN
NaN,NaN,NaN,NaN,NaN,NaN,NaN,NaN,1.5019821955362,1.31294963895966,0.920501750510111,0.667006218440346,0.220294799779704,0.115972799756777,0.110912998790887,0.160592769050102,0.203861612109645,0.422901672796108,0.533555977404318,0.671481585887913,NaN,0.874985923169825,0.968082917065484,1.24268395672597,1.51438319382374,1.55328281489418,1.76460653987532,1.71029550550227,1.42267722673368,1.13254555799451,0.974495390900764,0.784294877517827,0.569097617067266,0.37714173892987,0.221084099790089,0.17972621579335,0.0603993127405052,0.0769092063990791,0.115151222065021,0.179161379557343,0.357451070892497,0.576617285985011,0.958899747090907,1.46322253871097,NaN,NaN,NaN,NaN,0.755703981259809,NaN,NaN,NaN,NaN,NaN,NaN,NaN,NaN,NaN
NaN,NaN,NaN,NaN,NaN,NaN,NaN,NaN,NaN,NaN,0.639036651268681,0.412034690914459,NaN,NaN,0.0818258589606669,0.137509051607851,0.189872750653033,0.535470396392421,0.664209195148993,0.835202582609023,1.15564871331347,1.20845256268008,1.39472404089066,1.71043609468165,2.14382659788142,2.21988904467733,2.5532826358878,2.51132459555923,2.06353826931812,1.64188423373506,1.19526326407734,NaN,0.397554376611741,0.271994086617473,0.177109351391507,NaN,NaN,0.0630121221785621,0.0785560788007698,0.0987029419977906,0.171360334427576,NaN,NaN,NaN,NaN,NaN,NaN,NaN,NaN,NaN,NaN,NaN,NaN,NaN,NaN,NaN,NaN,NaN
NaN,NaN,NaN,NaN,NaN,NaN,NaN,NaN,NaN,NaN,0.195934957719146,0.163603420542233,0.0964794746549219,NaN,0.0669781770224528,0.134580817778692,0.196211670595775,0.597136368095765,0.773645869780466,0.953612170808393,1.34777771395244,1.38174833410535,1.65644693371073,2.0681805895756,2.59028512669372,2.66913595440048,3.05578924012001,3.01719953516492,2.42537139952359,1.97600348856686,1.42877980676218,0.894333558903689,0.461868755482336,0.335259054230555,0.172618098219653,NaN,0.0307804582276715,0.0462246637873891,0.0580502558262189,0.0539683254220815,NaN,NaN,NaN,NaN,NaN,NaN,NaN,NaN,NaN,NaN,NaN,NaN,NaN,NaN,NaN,NaN,NaN,NaN
NaN,NaN,NaN,NaN,NaN,NaN,NaN,NaN,NaN,NaN,NaN,NaN,0.0359171658379048,0.0381460040194281,NaN,0.125178301800701,NaN,NaN,0.736669980781109,0.967094053804832,1.46416915166552,NaN,1.84452494577826,2.3345769805079,2.90879582058006,3.04230494761989,3.49237987885755,3.45768865549795,NaN,2.30560011477652,1.69887924537052,NaN,0.555333830309027,NaN,0.158080055925897,0.0684651483420678,0.0128074201926053,0.0241696953481854,NaN,NaN,NaN,NaN,NaN,NaN,NaN,NaN,NaN,NaN,NaN,NaN,NaN,NaN,NaN,NaN,NaN,NaN,NaN,NaN
NaN,NaN,NaN,NaN,NaN,NaN,NaN,NaN,NaN,NaN,NaN,NaN,NaN,0.0212611937154573,0.0212841708150421,0.13008985131306,0.161361376241943,NaN,0.674018700575898,0.94694556666485,1.4920613945176,1.71422892427462,2.05518236424425,2.42747101330479,2.90182696330698,2.98009463320897,3.3970638846064,3.37828263927964,2.79399423711767,2.35468904243286,1.73312389427316,1.05534891744628,0.556854806803776,NaN,NaN,0.02580136873155,NaN,0.0191517681925697,NaN,NaN,NaN,NaN,NaN,NaN,NaN,NaN,NaN,NaN,NaN,NaN,NaN,NaN,NaN,NaN,NaN,NaN,NaN,NaN
NaN,NaN,NaN,NaN,NaN,NaN,NaN,NaN,NaN,NaN,NaN,NaN,NaN,NaN,NaN,0.143122782798261,0.16696831549248,0.419029317679762,0.685317577797113,0.924436309363079,1.32559246506168,1.55958558685752,1.84990365777103,2.07487826786921,2.4858408031232,2.57649275845988,2.92353562540235,2.88810749814949,2.41954082069575,1.98023562601095,1.43407046049533,0.90550464196792,0.483516922752499,0.374200561413466,NaN,0.00819419383664831,NaN,0,NaN,NaN,NaN,NaN,NaN,NaN,NaN,NaN,NaN,NaN,NaN,NaN,NaN,NaN,NaN,NaN,NaN,NaN,NaN,NaN
NaN,NaN,NaN,NaN,NaN,NaN,NaN,NaN,NaN,NaN,NaN,NaN,NaN,NaN,NaN,NaN,NaN,0.370450899265529,0.66001057543149,0.8027204122136,1.01423252397669,1.20344810753048,NaN,NaN,NaN,NaN,1.97531043776143,1.91885045187931,NaN,NaN,NaN,0.541404437366127,NaN,0.180953729967801,0.0189173440479514,0,0,0,NaN,NaN,NaN,NaN,NaN,NaN,NaN,NaN,NaN,NaN,NaN,NaN,NaN,NaN,NaN,NaN,NaN,NaN,NaN,NaN
NaN,NaN,NaN,NaN,NaN,NaN,NaN,NaN,NaN,NaN,NaN,NaN,NaN,NaN,NaN,NaN,NaN,NaN,NaN,0.760874175408299,0.932256533189373,1.06450087827141,1.13436366919378,NaN,NaN,NaN,NaN,NaN,NaN,NaN,NaN,0.347751124752633,NaN,0.0788661296297052,0.00673094706940982,0,0,0,NaN,NaN,NaN,NaN,NaN,NaN,NaN,NaN,NaN,NaN,NaN,NaN,NaN,NaN,NaN,NaN,NaN,NaN,NaN,NaN
NaN,NaN,NaN,NaN,NaN,NaN,NaN,NaN,NaN,NaN,NaN,NaN,NaN,NaN,NaN,NaN,NaN,NaN,NaN,NaN,NaN,NaN,0.797613120887241,NaN,NaN,NaN,NaN,NaN,NaN,NaN,NaN,0.147365322689206,0.0529685451736173,NaN,NaN,NaN,NaN,NaN,NaN,NaN,NaN,NaN,NaN,NaN,NaN,NaN,NaN,NaN,NaN,NaN,NaN,NaN,NaN,NaN,NaN,NaN,NaN,NaN
NaN,NaN,NaN,NaN,NaN,NaN,NaN,NaN,NaN,NaN,NaN,NaN,NaN,NaN,NaN,NaN,NaN,NaN,NaN,NaN,NaN,NaN,NaN,NaN,NaN,NaN,NaN,NaN,NaN,NaN,NaN,NaN,NaN,NaN,NaN,NaN,NaN,NaN,NaN,NaN,NaN,NaN,NaN,NaN,NaN,NaN,NaN,NaN,NaN,NaN,NaN,NaN,NaN,NaN,NaN,NaN,NaN,NaN
